$ANSIBLE_VAULT;1.1;AES256
66633161313264623334303832363765343863306139646465663661633765623065393364356363
3961613630393763383036383333613334356665303436300a653937643863316633646230346562
62376463383364356236626463363062343638343537623562643330383363643139653364376435
6461316263306565330a313763663139316231643164386334306434633961616336616134633261
36343834316635396233333339343235303063646165396563623631306465623434663537643061
64343038373435653631636539636230636139383038373437353436303863376337353966656566
66653237396161303537383635363561666463653063396235656164613232353464666436366266
34653930383333306165653863313439393662616534613237633762353730613838663162373538
61353133313034353966333032613463333238353864313564323262396532636434313933643762
37653430623966363135663432633135356232306631363433333661333165633330636533376162
30633230616364373739396434306634336138373730626137653563613034623062386638336339
35306365643036633831323332396533376365323331393432623962636164313434366334313862
36623630373732393139616663336661373835343438633536656365653138356463326631613864
39306661646664656136643839626234626532366535356239333364376438653966313964653065
30616465633639373134633037646134613265663364646561623962376661636438346531393464
32613430396230613664353666393365393937376665356336393935366632326235346164306436
38376564386236366630383238656531663564346666333863353166306264616463313436653165
61613462393136343462386438383735616337313530396631383862333535306665633036653830
65306636353437393963393866336233636633303134343332323634643933336533373037633337
37326637663131633362313430396562363064666162636634613463646138623166636164303331
64303736323836646337633136323565333265306161666331663639646165633637646330356132
36633735333632613336636234656265656563643736343931373235616265363133343166313630
64373839326231613462646635663466393036666338343533326634363734366262643139343637
33643265306533386137316131633662616531323830623965386461666236623332343761616639
33366434313461623034366637313566356161393033303732343430396361333338356366303035
3133316134356461633033353138373261343065393963626535
