$ANSIBLE_VAULT;1.1;AES256
34393732653239613065303339396333373033366362623236666661343965613437323236383066
6466313235393066636134306364313966336232663565650a616566373438626439333435353565
39646539333539376562616662343731623636326663323861623035383536376232376164636638
6634303364643463640a646530306331306330346265323730633564656564306239333962373233
34663634333865363530303336356365616531663533353532336161616436363661363663663236
64336665343562356336336135343665336162646263616231373461623063303862393066393337
61393762323033393230643233383262663433363333353662306165646331633066643966616539
66353838313461623462366363373863313564326133326364613832346561353136316562663835
61363063653061366435633339666334343164663035343833323339353032376666663466306664
63313638653861383338303834363962356435643665646563326239303637333131613234653132
63343632316134396230356464313434396239363066376664346363373966363238373862316530
62363038623061383061663539616634663734623033643762386161363766356638313038353762
30633364363030383638343265663166666434613539313630376366656539396630383032643737
63633664303037653165633531323361363662653436343335653231353261326530653535336434
32653437396361643733653136646539363266376237366433643931653061396638383561396133
38333631663864616433663837393233643961346138653735663462333164646461363538303161
36613832323838323733303061623630623966363164633630646335633764383764343038613465
38613763636432356634323066633862313361356438383830363161383235643365323766616438
33363439373231663134343563633663666363333162333365376366373565323035393636393931
35363265386664333633346633383231646434663831313838303231333935346434373535353639
30323937306334383330633632326433306638383834366465343236613030346666313265376133
37666462653565366263663463663536643335623562363830633031633231376637626336323437
62636662386334313131306437616336633061303231333663353262353064613230626537353831
61343837653833313564366531363665643437303266663134633062303666643539613261326666
38316634316161623337373161303733336637626262303431656463623064393366333465653935
3537323761386263366162323964363738616236393938633962
